Time, RightEyeX, RightEyeY, RightEyeZ, LeftEyeX, LeftEyeY, LeftEyeZ, HeadX, HeadY, HeadZ, RightEye00, RightEye01, RightEye02, RightEye03, RightEye10, RightEye11, RightEye12, RightEye13, RightEye20, RightEye21, RightEye22, RightEye23, RightEye30, RightEye31, RightEye32, RightEye33, LeftEye00, LeftEye01, LeftEye02, LeftEye03, LeftEye10, LeftEye11, LeftEye12, LeftEye13, LeftEye20, LeftEye21, LeftEye22, LeftEye23, LeftEye30, LeftEye31, LeftEye32, LeftEye33, Head00, Head01, Head02, Head03, Head10, Head11, Head12, Head13, Head20, Head21, Head22, Head23, Head30, Head31, Head32, Head33, Camera00, Camera01, Camera02, Camera03, Camera10, Camera11, Camera12, Camera13, Camera20, Camera21, Camera22, Camera23, Camera30, Camera31, Camera32, Camera33, eyeBlinkLeft, eyeLookDownLeft, eyeLookInLeft, eyeLookOutLeft, eyeLookUpLeft, eyeSquintLeft, eyeWideLeft, eyeBlinkRight, eyeLookDownRight, eyeLookInRight, eyeLookOutRight, eyeLookUpRight, eyeSquintRight, eyeWideRight, lookAtPoint0, lookAtPoint1, lookAtPoint2
224313.217479916, -0.5619376, -10.963238, 0.1068721, -4.591845, -10.894271, 0.869642, 2.0598733, -4.962049, 0.4272592,  0.9999537, -0.0018312266, 0.0094527695, 0.0, 0.0, 0.98174775, 0.19018792, 0.0, -0.009628512, -0.19017911, 0.98170227, 0.0, -0.03097014, 0.03323218, 0.02527921, 1.0, 0.9969051, -0.014903997, 0.07718851, 0.0, 0.0, 0.98186445, 0.18958399, 0.0, -0.07861422, -0.18899724, 0.9788257, 0.0, 0.030954594, 0.033211976, 0.025163488, 1.0, 0.999303, -0.0074290656, -0.03658732, 0.0, 0.010560919, 0.9962249, 0.08616973, 0.0, 0.03580912, -0.08649587, 0.9956085, 0.0, 0.02604268, 0.09202624, -0.38416842, 1.0, 0.99908835, 0.040943712, 0.01209512, 0.0, -0.04247385, 0.9819052, 0.18454932, 0.0, -0.0043200254, -0.18489468, 0.9827489, 0.0, 0.0, 0.0, 0.0, 1.0, 3.035346e-07, 0.31224304, 0.12882614, 0.0, 0.0, 0.051079445, 0.2590054, 2.6727255e-08, 0.31324998, 0.0, 0.015762331, 0.0, 0.05103919, 0.259012, -0.039581846, -0.14003375, 0.9196345
224313.234172916, -0.5876832, -11.061068, 0.11275386, -4.618744, -10.9908495, 0.88241637, 2.258055, -5.020696, 0.46260297,  0.9999493, -0.0019313671, 0.0098792715, 0.0, 0.0, 0.98142135, 0.19186485, 0.0, -0.0100662885, -0.19185513, 0.98137164, 0.0, -0.03097014, 0.03323218, 0.02527921, 1.0, 0.9968708, -0.0151179815, 0.07758886, 0.0, 0.0, 0.9815413, 0.19125068, 0.0, -0.079047985, -0.1906522, 0.9784698, 0.0, 0.030954594, 0.033211976, 0.025163488, 1.0, 0.99916327, -0.008042881, -0.040104933, 0.0, 0.01151545, 0.99613094, 0.0871268, 0.0, 0.039249122, -0.08751557, 0.9953898, 0.0, 0.025234317, 0.09283737, -0.38435295, 1.0, 0.9990406, 0.042422652, 0.010879398, 0.0, -0.04371197, 0.98122156, 0.18786646, 0.0, -0.0027051794, -0.18816164, 0.98213446, 0.0, 0.0, 0.0, 0.0, 1.0, 2.7934533e-07, 0.3150223, 0.12953846, 0.0, 0.0, 0.05087855, 0.24059567, 2.4597307e-08, 0.3160467, 0.0, 0.016479015, 0.0, 0.05084003, 0.24063036, -0.039973427, -0.14162025, 0.91963387
224313.250865916, -0.5755861, -11.064491, 0.11046649, -4.6060395, -10.994588, 0.88027453, 2.4143124, -5.062551, 0.5420753,  0.99995136, -0.0018921645, 0.009675693, 0.0, 0.0, 0.98140997, 0.19192311, 0.0, -0.009858971, -0.19191378, 0.9813622, 0.0, -0.03097014, 0.03323218, 0.02527921, 1.0, 0.9968881, -0.015081098, 0.07737398, 0.0, 0.0, 0.98152936, 0.1913116, 0.0, -0.078830026, -0.19071625, 0.9784749, 0.0, 0.030954594, 0.033211976, 0.025163488, 1.0, 0.99903256, -0.009423949, -0.04295734, 0.0, 0.013169415, 0.99605435, 0.08776255, 0.0, 0.0419609, -0.08824325, 0.9952148, 0.0, 0.02501218, 0.092806675, -0.38499817, 1.0, 0.99899906, 0.043628484, 0.009880638, 0.0, -0.044710312, 0.98092747, 0.1891628, 0.0, -0.0014391687, -0.18941507, 0.98189616, 0.0, 0.0, 0.0, 0.0, 1.0, 2.5708374e-07, 0.3151239, 0.12918052, 0.0, 0.0, 0.05080491, 0.23087212, 2.2637098e-08, 0.31614387, 0.0, 0.016139617, 0.0, 0.05076854, 0.23092665, -0.039789602, -0.14170706, 0.9197977
224313.267558958, -0.5947208, -11.087015, 0.114368506, -4.6258693, -11.016465, 0.8858175, 2.5225713, -5.074404, 0.6204098,  0.9999481, -0.0019588508, 0.009995799, 0.0, 0.0, 0.98133427, 0.19230954, 0.0, -0.010185925, -0.19229957, 0.98128337, 0.0, -0.03097014, 0.03323218, 0.02527921, 1.0, 0.99686164, -0.015174925, 0.0776947, 0.0, 0.0, 0.9814549, 0.19169267, 0.0, -0.07916278, -0.19109108, 0.9783748, 0.0, 0.030954594, 0.033211976, 0.025163488, 1.0, 0.9989303, -0.010785542, -0.044967156, 0.0, 0.014710147, 0.99602216, 0.08788188, 0.0, 0.043840446, -0.088449314, 0.9951154, 0.0, 0.024842398, 0.09222467, -0.3853864, 1.0, 0.99892, 0.045698225, 0.008404602, 0.0, -0.046463437, 0.9810744, 0.18797399, 0.0, 0.0003445489, -0.18816143, 0.9821381, 0.0, 0.0, 0.0, 0.0, 1.0, 2.3659624e-07, 0.31575948, 0.12972696, 0.0, 0.0, 0.05074801, 0.22856905, 2.0833102e-08, 0.3167885, 0.0, 0.016674872, 0.0, 0.050713707, 0.22865112, -0.04008093, -0.14205077, 0.9196822
224313.284251875, -0.59541917, -10.998387, 0.11359882, -4.623036, -10.92843, 0.87828547, 2.6334746, -5.0813136, 0.6682392,  0.999948, -0.0019462556, 0.010013582, 0.0, 0.0, 0.9816307, 0.19079128, 0.0, -0.010200967, -0.19078137, 0.98157966, 0.0, -0.03097014, 0.03323218, 0.02527921, 1.0, 0.99686366, -0.015050389, 0.077693656, 0.0, 0.0, 0.9817494, 0.19017911, 0.0, -0.07913797, -0.18958265, 0.9786703, 0.0, 0.030954594, 0.033211976, 0.025163488, 1.0, 0.9988284, -0.0116168745, -0.046975408, 0.0, 0.015719585, 0.9960023, 0.08793403, 0.0, 0.045766044, -0.08856944, 0.995018, 0.0, 0.024817776, 0.091794424, -0.3858117, 1.0, 0.9988854, 0.046736628, 0.0066026705, 0.0, -0.047147714, 0.9813271, 0.18647832, 0.0, 0.0022359595, -0.18658179, 0.9824369, 0.0, 0.0, 0.0, 0.0, 1.0, 2.1774142e-07, 0.3132353, 0.12968622, 0.0, 0.0, 0.050741237, 0.22740157, 1.9172871e-08, 0.31425613, 0.0, 0.016699497, 0.0, 0.05070861, 0.2274907, -0.040099677, -0.14071521, 0.92020077
224313.300945041, -0.5384018, -10.999244, 0.10272783, -4.5644484, -10.930799, 0.8672948, 2.6852615, -5.174387, 0.77369547,  0.9999575, -0.0017600012, 0.009054661, 0.0, 0.0, 0.9816282, 0.19080412, 0.0, -0.009224125, -0.19079602, 0.98158646, 0.0, -0.03097014, 0.03323218, 0.02527921, 1.0, 0.9969427, -0.014861947, 0.07671014, 0.0, 0.0, 0.9817444, 0.19020475, 0.0, -0.07813657, -0.18962324, 0.9787429, 0.0, 0.030954594, 0.033211976, 0.025163488, 1.0, 0.9987537, -0.013448096, -0.04806167, 0.0, 0.01771308, 0.9958341, 0.08944762, 0.0, 0.046658568, -0.09018737, 0.99483114, 0.0, 0.025184978, 0.092062354, -0.38612902, 1.0, 0.9988748, 0.04713747, 0.0052283243, 0.0, -0.047284294, 0.98127496, 0.18671858, 0.0, 0.0036710468, -0.18675563, 0.9823995, 0.0, 0.0, 0.0, 0.0, 1.0, 2.0038918e-07, 0.31327808, 0.12804182, 0.0, 0.0, 0.05080214, 0.229992, 1.7644949e-08, 0.31427756, 0.0, 0.015100311, 0.0, 0.050771296, 0.23008512, -0.039229404, -0.14081101, 0.92063946
224313.317637958, -0.50670105, -11.074546, 0.09733264, -4.5297017, -11.006596, 0.86655986, 2.8240948, -5.151237, 0.79434335,  0.9999623, -0.0016671395, 0.008517174, 0.0, 0.0, 0.9813766, 0.19209324, 0.0, -0.008678802, -0.192086, 0.98133963, 0.0, -0.03097014, 0.03323218, 0.02527921, 1.0, 0.9969905, -0.014845548, 0.07608841, 0.0, 0.0, 0.98149294, 0.19149828, 0.0, -0.077523135, -0.19092199, 0.9785392, 0.0, 0.030954594, 0.033211976, 0.025163488, 1.0, 0.99862826, -0.013807473, -0.05050826, 0.0, 0.018269807, 0.99586564, 0.08898438, 0.0, 0.0490708, -0.08978497, 0.9947515, 0.0, 0.024966933, 0.09235793, -0.3863074, 1.0, 0.9988388, 0.04814875, 0.0016940157, 0.0, -0.047609612, 0.98104423, 0.18784475, 0.0, 0.007382589, -0.18770725, 0.98219734, 0.0, 0.0, 0.0, 0.0, 1.0, 1.8441976e-07, 0.3154353, 0.12703456, 0.0, 0.0, 0.050562363, 0.23215349, 1.6238788e-08, 0.31642765, 0.0, 0.014207572, 0.0, 0.050533593, 0.23227113, -0.038749382, -0.14221805, 0.92159534
224313.334331125, -0.59705955, -11.139325, 0.115353204, -4.618948, -11.068701, 0.8886274, 3.1062713, -5.118534, 0.6748853,  0.9999478, -0.0019753617, 0.010031507, 0.0, 0.0, 0.98115826, 0.19320552, 0.0, -0.010224148, -0.19319543, 0.98110706, 0.0, -0.03097014, 0.03323218, 0.02527921, 1.0, 0.9968722, -0.0152203515, 0.07755106, 0.0, 0.0, 0.9812797, 0.19258824, 0.0, -0.079030536, -0.19198586, 0.9782104, 0.0, 0.030954594, 0.033211976, 0.025163488, 1.0, 0.9984046, -0.011731728, -0.055233546, 0.0, 0.016595399, 0.9959433, 0.08844108, 0.0, 0.053972024, -0.08921649, 0.9945491, 0.0, 0.024695579, 0.0923396, -0.38664544, 1.0, 0.9987441, 0.050040245, -0.0025459924, 0.0, -0.0486712, 0.9809785, 0.18791685, 0.0, 0.01190109, -0.18755674, 0.98218185, 0.0, 0.0, 0.0, 0.0, 1.0, 1.6972298e-07, 0.31725338, 0.12950979, 0.0, 0.0, 0.050430574, 0.231304, 1.4944687e-08, 0.31828326, 0.0, 0.016737448, 0.0, 0.050403908, 0.231464, -0.040137872, -0.14333719, 0.9219069
224313.351024041, -0.7091543, -11.340898, 0.13945922, -4.735199, -11.26603, 0.9271218, 3.2530088, -5.1359277, 0.56781113,  0.9999263, -0.0023864948, 0.011898119, 0.0, 0.0, 0.9804716, 0.19666053, 0.0, -0.012135098, -0.19664605, 0.98039937, 0.0, -0.03097014, 0.03323218, 0.02527921, 1.0, 0.99671733, -0.015868831, 0.079389624, 0.0, 0.0, 0.98060226, 0.19600815, 0.0, -0.080960065, -0.19536471, 0.97738326, 0.0, 0.030954594, 0.033211976, 0.025163488, 1.0, 0.9982895, -0.009870225, -0.057628017, 0.0, 0.014973414, 0.99593633, 0.08880806, 0.0, 0.056517396, -0.08951885, 0.99438035, 0.0, 0.02562191, 0.092441946, -0.38730896, 1.0, 0.99867606, 0.051235437, -0.0046225684, 0.0, -0.049470738, 0.9811369, 0.18687792, 0.0, 0.014110239, -0.18640164, 0.9823724, 0.0, 0.0, 0.0, 0.0, 1.0, 1.5619742e-07, 0.32296062, 0.13267863, 0.0, 0.0, 0.05009428, 0.22534186, 1.3753716e-08, 0.32404977, 0.0, 0.019865911, 0.0, 0.05006962, 0.22560295, -0.041845754, -0.14652765, 0.92142475
224313.367717083, -1.0331981, -11.451052, 0.20514289, -5.063042, -11.366747, 1.0003706, 3.4681842, -5.073862, 0.35454538,  0.99984384, -0.0035091417, 0.01732091, 0.0, 0.0, 0.9800884, 0.1985617, 0.0, -0.017672803, -0.19853069, 0.97993535, 0.0, -0.03097014, 0.03323218, 0.02527921, 1.0, 0.99625003, -0.01711643, 0.08481082, 0.0, 0.0, 0.9802363, 0.19783023, 0.0, -0.0865208, -0.19708838, 0.9765604, 0.0, 0.030954594, 0.033211976, 0.025163488, 1.0, 0.99811643, -0.006163697, -0.061039254, 0.0, 0.011526521, 0.9960625, 0.08790206, 0.0, 0.06025723, -0.0884399, 0.99425733, 0.0, 0.025998242, 0.091902405, -0.38770658, 1.0, 0.9985391, 0.053445876, -0.007969027, 0.0, -0.051065106, 0.98153955, 0.18431717, 0.0, 0.017673003, -0.18364078, 0.98283464, 0.0, 0.0, 0.0, 0.0, 1.0, 1.4374973e-07, 0.326003, 0.14181377, 0.0, 0.0, 0.04993377, 0.21825135, 1.2657656e-08, 0.32722464, 0.0, 0.028932273, 0.0, 0.049910914, 0.2185599, -0.046791486, -0.14813901, 0.9203765
224313.384410166, -1.2432269, -11.549584, 0.24895129, -5.2817516, -11.45866, 1.0521415, 3.5656843, -5.1909804, 0.18724404,  0.99977404, -0.004257027, 0.020826755, 0.0, 0.0, 0.9797425, 0.20026116, 0.0, -0.021257376, -0.20021589, 0.9795211, 0.0, -0.03097014, 0.03323218, 0.02527921, 1.0, 0.99592197, -0.017996307, 0.08840555, 0.0, 0.0, 0.97990304, 0.1994743, 0.0, -0.09021866, -0.19866084, 0.97590697, 0.0, 0.030954594, 0.033211976, 0.025163488, 1.0, 0.9980406, -0.0032546164, -0.06248735, 0.0, 0.008888364, 0.9958934, 0.09009714, 0.0, 0.061937697, -0.090475805, 0.9939708, 0.0, 0.02652943, 0.09172899, -0.38795248, 1.0, 0.9983975, 0.055689663, -0.010070985, 0.0, -0.05291673, 0.9817321, 0.18276307, 0.0, 0.020065235, -0.18193704, 0.9831056, 0.0, 0.0, 0.0, 0.0, 1.0, 1.3229402e-07, 0.3287491, 0.14789104, 0.0, 0.0, 0.049827743, 0.20711546, 1.1648943e-08, 0.33006373, 0.0, 0.034801416, 0.0, 0.049806587, 0.20740165, -0.04995917, -0.14935821, 0.9183688
224313.401103125, -1.2063203, -11.681355, 0.24427663, -5.2495484, -11.590347, 1.0575429, 3.4861915, -5.2479963, 0.16821355,  0.9997874, -0.0041751177, 0.020189496, 0.0, 0.0, 0.9792798, 0.20251167, 0.0, -0.020616677, -0.20246863, 0.9790717, 0.0, -0.03097014, 0.03323218, 0.02527921, 1.0, 0.9959753, -0.01808021, 0.08778557, 0.0, 0.0, 0.97944224, 0.20172475, 0.0, -0.08962812, -0.20091288, 0.9755003, 0.0, 0.030954594, 0.033211976, 0.025163488, 1.0, 0.9981289, -0.0029235694, -0.06107574, 0.0, 0.008492184, 0.99580395, 0.0911187, 0.0, 0.06055308, -0.091466784, 0.9939654, 0.0, 0.027351618, 0.091571346, -0.38807186, 1.0, 0.99833226, 0.056774557, -0.010462939, 0.0, -0.05391801, 0.9817296, 0.18248285, 0.0, 0.020632206, -0.18161428, 0.9831534, 0.0, 0.0, 0.0, 0.0, 1.0, 1.2175124e-07, 0.33250955, 0.14692037, 0.0, 0.0, 0.04964599, 0.20165351, 1.0720616e-08, 0.33382493, 0.0, 0.03375235, 0.0, 0.049626376, 0.20193164, -0.04937511, -0.15137975, 0.91781193
224313.417796083, -1.032508, -11.519778, 0.20621966, -5.07248, -11.434692, 1.008155, 3.1507618, -5.1767383, 0.30169147,  0.9998441, -0.0035267011, 0.017300906, 0.0, 0.0, 0.9798495, 0.19973731, 0.0, -0.017656697, -0.19970617, 0.97969675, 0.0, -0.03097014, 0.03323218, 0.02527921, 1.0, 0.9962378, -0.017245483, 0.08492767, 0.0, 0.0, 0.97999954, 0.19899951, 0.0, -0.08666092, -0.19825085, 0.97631264, 0.0, 0.030954594, 0.033211976, 0.025163488, 1.0, 0.99844855, -0.005244008, -0.055437054, 0.0, 0.010216639, 0.9959073, 0.08980125, 0.0, 0.05473927, -0.09022825, 0.9944158, 0.0, 0.028628884, 0.09111505, -0.38781726, 1.0, 0.9983221, 0.057240844, -0.008752895, 0.0, -0.05470015, 0.9818108, 0.18181202, 0.0, 0.019000793, -0.18102807, 0.9832945, 0.0, 0.0, 0.0, 0.0, 1.0, 1.1204864e-07, 0.32795596, 0.14204402, 0.0, 0.0, 0.04955101, 0.18803154, 9.86627e-09, 0.32918847, 0.0, 0.028905908, 0.0, 0.049532607, 0.188212, -0.046741072, -0.14884177, 0.9183384
224313.434489125, -0.9999038, -11.44511, 0.19842933, -5.038681, -11.361433, 0.995074, 2.7170522, -5.015593, 0.58946496,  0.9998537, -0.003394372, 0.016763518, 0.0, 0.0, 0.9801093, 0.19845808, 0.0, -0.017103722, -0.19842905, 0.9799659, 0.0, -0.03097014, 0.03323218, 0.02527921, 1.0, 0.9962859, -0.017026132, 0.084407106, 0.0, 0.0, 0.9802562, 0.19773184, 0.0, -0.08610719, -0.19699745, 0.9766154, 0.0, 0.030954594, 0.033211976, 0.025163488, 1.0, 0.99878055, -0.010248531, -0.048299577, 0.0, 0.014420398, 0.9961184, 0.08683638, 0.0, 0.047222227, -0.08742685, 0.9950512, 0.0, 0.030620206, 0.09084492, -0.3873124, 1.0, 0.99838287, 0.056713253, -0.003943609, 0.0, -0.055044618, 0.9816878, 0.18237154, 0.0, 0.014214365, -0.18185943, 0.98322195, 0.0, 0.0, 0.0, 0.0, 1.0, 1.03119255e-07, 0.32583866, 0.14113414, 0.0, 0.0, 0.049624298, 0.18342964, 9.080007e-09, 0.3270516, 0.0, 0.028000537, 0.0, 0.049606804, 0.18358786, -0.04624852, -0.14764383, 0.91842663
224313.451182125, -1.0791426, -11.421189, 0.21371591, -5.1198688, -11.335482, 1.0089102, 2.4570901, -4.957705, 0.7500232,  0.9998296, -0.0036561755, 0.018094854, 0.0, 0.0, 0.98019123, 0.19805361, 0.0, -0.018460535, -0.19801985, 0.98002416, 0.0, -0.03097014, 0.03323218, 0.02527921, 1.0, 0.9961647, -0.017264418, 0.085778765, 0.0, 0.0, 0.9803411, 0.19731012, 0.0, -0.0874989, -0.19655336, 0.9765811, 0.0, 0.030954594, 0.033211976, 0.025163488, 1.0, 0.9989467, -0.01304103, -0.04399758, 0.0, 0.016782431, 0.9961736, 0.08577247, 0.0, 0.042710785, -0.086420335, 0.9953431, 0.0, 0.031299237, 0.09051627, -0.38742918, 1.0, 0.9984024, 0.056501478, -0.0006949742, 0.0, -0.055416934, 0.9814906, 0.1833181, 0.0, 0.01103999, -0.18298653, 0.98305357, 0.0, 0.0, 0.0, 0.0, 1.0, 9.490147e-08, 0.32513446, 0.14342104, 0.0, 0.0, 0.049852803, 0.17229706, 8.356404e-09, 0.32637605, 0.0, 0.030222021, 0.0, 0.049836, 0.17245017, -0.047448967, -0.14713356, 0.9177789
224313.467875291, -1.2019565, -11.609817, 0.24192274, -5.248079, -11.5193205, 1.0508556, 2.1805217, -4.8292823, 0.9185977,  0.99978876, -0.004135949, 0.020126829, 0.0, 0.0, 0.97953194, 0.20128824, 0.0, -0.020547392, -0.20124574, 0.9793252, 0.0, -0.03097014, 0.03323218, 0.02527921, 1.0, 0.9959755, -0.01797045, 0.087805755, 0.0, 0.0, 0.9796926, 0.20050527, 0.0, -0.08962582, -0.19969834, 0.97574985, 0.0, 0.030954594, 0.033211976, 0.025163488, 1.0, 0.99909604, -0.015974954, -0.03939188, 0.0, 0.019222995, 0.99632186, 0.08350537, 0.0, 0.03791302, -0.08418711, 0.9957283, 0.0, 0.032290194, 0.08952365, -0.38729534, 1.0, 0.99842477, 0.055813283, 0.005739612, 0.0, -0.05591536, 0.98132193, 0.18406741, 0.0, 0.0046410034, -0.1840984, 0.98289686, 0.0, 0.0, 0.0, 0.0, 1.0, 8.7338584e-08, 0.33047163, 0.1469166, 0.0, 0.0, 0.05000094, 0.16905132, 7.690465e-09, 0.33178008, 0.0, 0.033638906, 0.0, 0.049984973, 0.16919452, -0.049295533, -0.15003993, 0.9169507
224313.48456825, -1.2613723, -11.681621, 0.25543365, -5.3076806, -11.588989, 1.0691948, 2.1767356, -4.4856505, 1.0531409,  0.9997676, -0.004365805, 0.021110669, 0.0, 0.0, 0.9792781, 0.2025202, 0.0, -0.021557378, -0.20247315, 0.9790506, 0.0, -0.03097014, 0.03323218, 0.02527921, 1.0, 0.9958856, -0.01827948, 0.08875545, 0.0, 0.0, 0.9794432, 0.20171958, 0.0, -0.09061826, -0.20088966, 0.9754135, 0.0, 0.030954594, 0.033211976, 0.025163488, 1.0, 0.99905497, -0.01832344, -0.039412078, 0.0, 0.02133652, 0.99676853, 0.07744164, 0.0, 0.03786573, -0.078209415, 0.99621767, 0.0, 0.033041645, 0.088137954, -0.38751966, 1.0, 0.9984727, 0.05422613, 0.010574437, 0.0, -0.05524545, 0.98165077, 0.18250951, 0.0, -0.00048361797, -0.18281496, 0.98314726, 0.0, 0.0, 0.0, 0.0, 1.0, 8.03784e-08, 0.33250096, 0.14854789, 0.0, 0.0, 0.05014554, 0.16711816, 7.0775967e-09, 0.3338392, 0.0, 0.03529264, 0.0, 0.050130256, 0.16725156, -0.05019833, -0.15122893, 0.91702604
224313.501261125, -1.2584325, -11.756256, 0.25644347, -5.3061275, -11.663131, 1.0756223, 2.2493248, -4.2898426, 1.060207,  0.9997688, -0.00438188, 0.021050092, 0.0, 0.0, 0.9790134, 0.20379575, 0.0, -0.02150133, -0.20374864, 0.97878706, 0.0, -0.03097014, 0.03323218, 0.02527921, 1.0, 0.99589026, -0.018384462, 0.08868214, 0.0, 0.0, 0.9791805, 0.20299135, 0.0, -0.0905677, -0.20215712, 0.97515637, 0.0, 0.030954594, 0.033211976, 0.025163488, 1.0, 0.999004, -0.018451208, -0.040624313, 0.0, 0.021424158, 0.9970277, 0.07400533, 0.0, 0.03913807, -0.074801944, 0.9964299, 0.0, 0.032887418, 0.08739739, -0.38739538, 1.0, 0.99851125, 0.053186536, 0.012096586, 0.0, -0.054499518, 0.9818697, 0.18155348, 0.0, -0.0022211117, -0.1819425, 0.98330665, 0.0, 0.0, 0.0, 0.0, 1.0, 7.3972885e-08, 0.33462682, 0.14846477, 0.0, 0.0, 0.05019394, 0.16707958, 6.513569e-09, 0.33597174, 0.0, 0.035200864, 0.0, 0.05017888, 0.16718999, -0.05014696, -0.1524276, 0.9169632
224313.517954208, -1.2658752, -11.699052, 0.256723, -5.310727, -11.606231, 1.0713811, 2.2688444, -4.1471386, 1.079339,  0.9997659, -0.0043875654, 0.021183345, 0.0, 0.0, 0.9792162, 0.20281854, 0.0, -0.021632956, -0.20277108, 0.9789871, 0.0, -0.03097014, 0.03323218, 0.02527921, 1.0, 0.99588144, -0.018315725, 0.08879522, 0.0, 0.0, 0.9793821, 0.20201643, 0.0, -0.09066453, -0.20118442, 0.97534853, 0.0, 0.030954594, 0.033211976, 0.025163488, 1.0, 0.998985, -0.018787583, -0.04094258, 0.0, 0.021684516, 0.9972048, 0.07150288, 0.0, 0.039484803, -0.072318025, 0.9966, 0.0, 0.033406027, 0.08683221, -0.38774, 1.0, 0.99857867, 0.051400512, 0.014102999, 0.0, -0.05310366, 0.98214066, 0.18049897, 0.0, -0.004573344, -0.18099123, 0.9834742, 0.0, 0.0, 0.0, 0.0, 1.0, 6.807784e-08, 0.33299708, 0.14862396, 0.0, 0.0, 0.050481997, 0.16941197, 5.9944893e-09, 0.33433795, 0.0, 0.0354164, 0.0, 0.050466795, 0.16948816, -0.05027378, -0.15158924, 0.91739595
224313.534647291, -1.2173979, -11.531556, 0.24340226, -5.255357, -11.441475, 1.0453061, 2.237712, -4.032833, 1.1006738,  0.9997833, -0.004162408, 0.020396763, 0.0, 0.0, 0.97980595, 0.19995093, 0.0, -0.020817146, -0.1999076, 0.9795936, 0.0, -0.03097014, 0.03323218, 0.02527921, 1.0, 0.995962, -0.01788049, 0.08797587, 0.0, 0.0, 0.9799646, 0.19917108, 0.0, -0.08977452, -0.19836687, 0.97600764, 0.0, 0.030954594, 0.033211976, 0.025163488, 1.0, 0.9990004, -0.019161632, -0.04038829, 0.0, 0.02194007, 0.99733967, 0.069511496, 0.0, 0.03894883, -0.07032811, 0.9967633, 0.0, 0.03352617, 0.08645809, -0.38808885, 1.0, 0.9986828, 0.049248457, 0.014401907, 0.0, -0.051039252, 0.98231196, 0.18016163, 0.0, -0.0052745347, -0.1806593, 0.98353165, 0.0, 0.0, 0.0, 0.0, 1.0, 6.2652575e-08, 0.3282426, 0.147161, 0.0, 0.0, 0.050996687, 0.1713599, 5.516777e-09, 0.3295454, 0.0, 0.03408059, 0.0, 0.050980933, 0.17142658, -0.0495682, -0.14908592, 0.91848665
224313.551340291, -1.3264383, -11.362289, 0.26136926, -5.360372, -11.270634, 1.0505996, 2.208651, -4.149222, 0.94615406,  0.99974245, -0.004472333, 0.022249931, 0.0, 0.0, 0.9803909, 0.19706285, 0.0, -0.022694958, -0.1970121, 0.9801384, 0.0, -0.03097014, 0.03323218, 0.02527921, 1.0, 0.9957942, -0.017981794, 0.08983615, 0.0, 0.0, 0.98055005, 0.19626896, 0.0, -0.09161811, -0.1954435, 0.97642606, 0.0, 0.030954594, 0.033211976, 0.025163488, 1.0, 0.999075, -0.016469473, -0.039727315, 0.0, 0.019288613, 0.99724305, 0.07165434, 0.0, 0.038437672, -0.0723543, 0.99663794, 0.0, 0.033603806, 0.08631404, -0.38843477, 1.0, 0.9987411, 0.048213422, 0.013853916, 0.0, -0.04992099, 0.98241186, 0.17993055, 0.0, -0.0049352106, -0.18039557, 0.9835818, 0.0, 0.0, 0.0, 0.0, 1.0, 5.7659662e-08, 0.32339606, 0.15019149, 0.0, 0.0, 0.051640194, 0.17796244, 5.077134e-09, 0.32472154, 0.0, 0.037155338, 0.0, 0.051622923, 0.17805438, -0.05125027, -0.14638461, 0.9186455
224313.568033375, -1.5721064, -11.217393, 0.30589905, -5.600175, -11.120548, 1.0834512, 2.3150077, -4.212576, 0.8434787,  0.9996378, -0.005236926, 0.026396396, 0.0, 0.0, 0.9808821, 0.1946026, 0.0, -0.026910873, -0.19453211, 0.98052686, 0.0, -0.03097014, 0.03323218, 0.02527921, 1.0, 0.995405, -0.018553622, 0.0939389, 0.0, 0.0, 0.98104805, 0.19376418, 0.0, -0.09575362, -0.19287385, 0.9765402, 0.0, 0.030954594, 0.033211976, 0.025163488, 1.0, 0.99903226, -0.014681179, -0.04146952, 0.0, 0.017675703, 0.9971905, 0.07279471, 0.0, 0.04028439, -0.07345709, 0.9964846, 0.0, 0.03401329, 0.085955545, -0.38929677, 1.0, 0.9988173, 0.04688579, 0.01288169, 0.0, -0.04843486, 0.9826963, 0.17878011, 0.0, -0.004276434, -0.17919242, 0.9838048, 0.0, 0.0, 0.0, 0.0, 1.0, 5.3064646e-08, 0.31921542, 0.15699132, 0.0, 0.0, 0.052461505, 0.19628632, 4.6725273e-09, 0.32061452, 0.0, 0.044059016, 0.0, 0.052436233, 0.1964902, -0.055030078, -0.14414532, 0.91901565
224313.58472625, -1.706761, -11.094066, 0.3285091, -5.7322435, -10.994779, 1.0967791, 2.363535, -4.317717, 0.70115125,  0.9995727, -0.0056263884, 0.028680943, 0.0, 0.0, 0.9812964, 0.19250256, 0.0, -0.029227601, -0.19242032, 0.98087716, 0.0, -0.03097014, 0.03323218, 0.02527921, 1.0, 0.9951818, -0.018789891, 0.09622904, 0.0, 0.0, 0.9814647, 0.19164291, 0.0, -0.098046355, -0.19071953, 0.9767358, 0.0, 0.030954594, 0.033211976, 0.025163488, 1.0, 0.9990365, -0.012202363, -0.042157162, 0.0, 0.015331204, 0.9970873, 0.07471283, 0.0, 0.041122723, -0.075287074, 0.9963136, 0.0, 0.034734856, 0.08575077, -0.38979042, 1.0, 0.9988333, 0.04647073, 0.013136502, 0.0, -0.04806735, 0.98289865, 0.17776355, 0.0, -0.004651012, -0.17818752, 0.98398554, 0.0, 0.0, 0.0, 0.0, 1.0, 4.883582e-08, 0.31567648, 0.16076234, 0.0, 0.0, 0.05328361, 0.20158225, 4.3001647e-09, 0.31711045, 0.0, 0.04785305, 0.0, 0.053251203, 0.20181602, -0.05710072, -0.1421527, 0.91893506
224313.601419458, -1.7974681, -10.882014, 0.33944634, -5.8181705, -10.782306, 1.0920757, 2.4014757, -4.4834623, 0.5867594,  0.99952555, -0.0058178883, 0.030248135, 0.0, 0.0, 0.98200077, 0.1888768, 0.0, -0.030802557, -0.18878718, 0.98153484, 0.0, -0.03097014, 0.03323218, 0.02527921, 1.0, 0.9950294, -0.018722674, 0.0978062, 0.0, 0.0, 0.98216665, 0.18801248, 0.0, -0.09958208, -0.18707794, 0.97728467, 0.0, 0.030954594, 0.033211976, 0.025163488, 1.0, 0.9990358, -0.010209366, -0.042698976, 0.0, 0.013506893, 0.99688756, 0.07766959, 0.0, 0.041773167, -0.07817134, 0.9960645, 0.0, 0.03529061, 0.08601191, -0.39030766, 1.0, 0.9988489, 0.04612583, 0.013167282, 0.0, -0.047733776, 0.98290384, 0.17782475, 0.0, -0.00473981, -0.17824847, 0.9839742, 0.0, 0.0, 0.0, 0.0, 1.0, 4.4943995e-08, 0.30962333, 0.16328871, 0.0, 0.0, 0.054230556, 0.20441838, 3.957476e-09, 0.31106403, 0.0, 0.050432444, 0.0, 0.05419083, 0.20466755, -0.058517408, -0.13877973, 0.9191724
224313.618112458, -1.8843669, -10.95253, 0.35814595, -5.9047728, -10.850021, 1.1153185, 2.434341, -4.5393715, 0.6084097,  0.9994788, -0.0061369264, 0.03169485, 0.0, 0.0, 0.98176575, 0.19009472, 0.0, -0.03228352, -0.18999563, 0.981254, 0.0, -0.03097014, 0.03323218, 0.02527921, 1.0, 0.9948827, -0.019116784, 0.09921131, 0.0, 0.0, 0.98193717, 0.18920705, 0.0, -0.10103631, -0.18823881, 0.9769123, 0.0, 0.030954594, 0.033211976, 0.025163488, 1.0, 0.9990055, -0.010585243, -0.04331176, 0.0, 0.01397037, 0.9968069, 0.078617185, 0.0, 0.042341243, -0.07914412, 0.9959636, 0.0, 0.03574373, 0.08627448, -0.39083546, 1.0, 0.9989318, 0.04427287, 0.013230039, 0.0, -0.045925662, 0.98284435, 0.17862755, 0.0, -0.005094754, -0.17904437, 0.9838278, 0.0, 0.0, 0.0, 0.0, 1.0, 4.136232e-08, 0.31161463, 0.16568139, 0.0, 0.0, 0.054763652, 0.20559253, 3.6420973e-09, 0.31309462, 0.0, 0.052858017, 0.0, 0.05472073, 0.2058515, -0.059845917, -0.13995475, 0.91925645
224313.634805416, -1.9317802, -11.020828, 0.3694252, -5.9530916, -10.916488, 1.131312, 2.4347138, -4.6398864, 0.6305799,  0.9994524, -0.006328733, 0.03247697, 0.0, 0.0, 0.9815374, 0.19127056, 0.0, -0.033087857, -0.19116582, 0.98099995, 0.0, -0.03097014, 0.03323218, 0.02527921, 1.0, 0.99480104, -0.019386556, 0.0999751, 0.0, 0.0, 0.9817128, 0.19036771, 0.0, -0.10183742, -0.189378, 0.97660893, 0.0, 0.030954594, 0.033211976, 0.025163488, 1.0, 0.99899894, -0.010969404, -0.043367863, 0.0, 0.014431791, 0.9966624, 0.080347344, 0.0, 0.04234176, -0.0808928, 0.9958229, 0.0, 0.035821673, 0.08681516, -0.39092377, 1.0, 0.99900657, 0.04266143, 0.012882429, 0.0, -0.04428897, 0.9825196, 0.1808138, 0.0, -0.0049434886, -0.18120474, 0.98343295, 0.0, 0.0, 0.0, 0.0, 1.0, 3.8066073e-08, 0.31354982, 0.16699961, 0.0, 0.0, 0.05514911, 0.19796976, 3.3518515e-09, 0.31505543, 0.0, 0.05417544, 0.0, 0.05510474, 0.19828019, -0.06056267, -0.14105074, 0.91915196
224313.651498375, -1.9222045, -11.065453, 0.36906254, -5.946936, -10.960841, 1.1346687, 2.3757918, -4.5744467, 0.6773842,  0.9994581, -0.0063215583, 0.03230622, 0.0, 0.0, 0.9813882, 0.1920343, 0.0, -0.0329189, -0.19193023, 0.98085636, 0.0, -0.03097014, 0.03323218, 0.02527921, 1.0, 0.9948132, -0.01944116, 0.09984209, 0.0, 0.0, 0.98156476, 0.19112939, 0.0, -0.101717256, -0.19013806, 0.9764737, 0.0, 0.030954594, 0.033211976, 0.025163488, 1.0, 0.9990315, -0.011784649, -0.042392623, 0.0, 0.015117961, 0.99674493, 0.07919026, 0.0, 0.041321456, -0.07975435, 0.99595773, 0.0, 0.035676785, 0.086751975, -0.3913709, 1.0, 0.9990174, 0.04265797, 0.012028068, 0.0, -0.044137456, 0.98223126, 0.18241127, 0.0, -0.0040329774, -0.1827628, 0.9831488, 0.0, 0.0, 0.0, 0.0, 1.0, 3.5032514e-08, 0.31482005, 0.16680188, 0.0, 0.0, 0.0554016, 0.18236652, 3.0847358e-09, 0.31632933, 0.0, 0.053898703, 0.0, 0.055357754, 0.18275602, -0.060391366, -0.14165318, 0.9185437
224313.6681915, -1.9690219, -11.047319, 0.3774464, -5.99341, -10.9416685, 1.1416228, 2.4612467, -4.5595293, 0.6400335,  0.9994312, -0.0064655608, 0.03309683, 0.0, 0.0, 0.98144794, 0.19172867, 0.0, -0.03372245, -0.19161962, 0.98088974, 0.0, -0.03097014, 0.03323218, 0.02527921, 1.0, 0.99473137, -0.01956156, 0.10063229, 0.0, 0.0, 0.98162603, 0.19081487, 0.0, -0.10251591, -0.18980952, 0.97645414, 0.0, 0.030954594, 0.033211976, 0.025163488, 1.0, 0.99897724, -0.011135107, -0.04382814, 0.0, 0.01457374, 0.99677306, 0.078936875, 0.0, 0.042807743, -0.07949483, 0.9959158, 0.0, 0.034948017, 0.08707203, -0.39143547, 1.0, 0.99893785, 0.045118064, 0.009359742, 0.0, -0.04607203, 0.98142517, 0.18623082, 0.0, -0.000783518, -0.18646419, 0.98246145, 0.0, 0.0, 0.0, 0.0, 1.0, 3.2240703e-08, 0.3142955, 0.16811617, 0.0, 0.0, 0.05564036, 0.16963209, 2.838907e-09, 0.31581956, 0.0, 0.055214867, 0.0, 0.055598084, 0.1702106, -0.061107513, -0.14135247, 0.91845965
224313.6848845, -1.893859, -11.00159, 0.36154383, -5.9151773, -10.89839, 1.1222166, 2.3813806, -4.5966563, 0.5512161,  0.9994736, -0.00619412, 0.03184386, 0.0, 0.0, 0.9816023, 0.19093673, 0.0, -0.03244069, -0.19083622, 0.9810856, 0.0, -0.03097014, 0.03323218, 0.02527921, 1.0, 0.9948664, -0.019231884, 0.09935305, 0.0, 0.0, 0.9817757, 0.19004345, 0.0, -0.1011973, -0.18906784, 0.97673565, 0.0, 0.030954594, 0.033211976, 0.025163488, 1.0, 0.9990581, -0.009589442, -0.042319402, 0.0, 0.012941916, 0.9967373, 0.07966804, 0.0, 0.041417316, -0.080140755, 0.9959226, 0.0, 0.034608845, 0.08687284, -0.39103585, 1.0, 0.9986967, 0.05055651, 0.007002617, 0.0, -0.050965104, 0.9804301, 0.19015568, 0.0, 0.0027479725, -0.19026479, 0.9817289, 0.0, 0.0, 0.0, 0.0, 1.0, 2.9671376e-08, 0.3130091, 0.1659463, 0.0, 0.0, 0.056061905, 0.16476613, 2.612669e-09, 0.31449872, 0.0, 0.05311545, 0.0, 0.05602138, 0.16544616, -0.059984103, -0.14073642, 0.91917795
224313.7015775, -1.8696579, -10.904215, 0.35379997, -5.888287, -10.80256, 1.1073773, 2.2297087, -4.454203, 0.7792893,  0.9994866, -0.006063445, 0.031457797, 0.0, 0.0, 0.981926, 0.18926482, 0.0, -0.032036826, -0.18916766, 0.981422, 0.0, -0.03097014, 0.03323218, 0.02527921, 1.0, 0.99490964, -0.018983694, 0.098966934, 0.0, 0.0, 0.9820955, 0.18838413, 0.0, -0.100771196, -0.18742518, 0.97709626, 0.0, 0.030954594, 0.033211976, 0.025163488, 1.0, 0.99910927, -0.013559666, -0.039957754, 0.0, 0.016611619, 0.9968875, 0.07706717, 0.0, 0.038788423, -0.07766223, 0.99622476, 0.0, 0.035053972, 0.08573895, -0.3905327, 1.0, 0.998555, 0.05330345, 0.0068266443, 0.0, -0.053625416, 0.9801239, 0.19100164, 0.0, 0.003490147, -0.19109169, 0.98156595, 0.0, 0.0, 0.0, 0.0, 1.0, 2.7306806e-08, 0.3102428, 0.16524516, 0.0, 0.0, 0.056514166, 0.16215712, 2.4044602e-09, 0.31171092, 0.0, 0.052453976, 0.0, 0.0564751, 0.16295476, -0.059634227, -0.1392244, 0.919543
224313.718270416, -1.8057977, -10.744643, 0.33676648, -5.823385, -10.645983, 1.0794051, 2.0639117, -4.1024866, 0.90913874,  0.99952054, -0.0057746014, 0.03041611, 0.0, 0.0, 0.9824507, 0.18652159, 0.0, -0.030959422, -0.18643218, 0.9819798, 0.0, -0.03097014, 0.03323218, 0.02527921, 1.0, 0.99501586, -0.018513804, 0.09798213, 0.0, 0.0, 0.98261285, 0.18566549, 0.0, -0.099715896, -0.18474013, 0.9777155, 0.0, 0.030954594, 0.033211976, 0.025163488, 1.0, 0.99918467, -0.015826143, -0.037144136, 0.0, 0.018432634, 0.9973121, 0.070913926, 0.0, 0.035921987, -0.07154073, 0.99679077, 0.0, 0.03553231, 0.08468743, -0.39116603, 1.0, 0.9983524, 0.05678022, 0.008292651, 0.0, -0.057326544, 0.9805196, 0.18786992, 0.0, 0.002536197, -0.1880357, 0.982159, 0.0, 0.0, 0.0, 0.0, 1.0, 2.5130673e-08, 0.30571243, 0.16350889, 0.0, 0.0, 0.056928977, 0.16082902, 2.212844e-09, 0.30713877, 0.0, 0.050689362, 0.0, 0.056891534, 0.16172773, -0.05866632, -0.13660991, 0.91944647
224313.734963625, -1.9631958, -10.337023, 0.3524053, -5.9770236, -10.238085, 1.066097, 1.890708, -3.9463437, 0.95406896,  0.99943185, -0.006050765, 0.033153873, 0.0, 0.0, 0.98375064, 0.17953992, 0.0, -0.033701498, -0.17943792, 0.9831918, 0.0, -0.03097014, 0.03323218, 0.02527921, 1.0, 0.9947359, -0.01830958, 0.10082259, 0.0, 0.0, 0.9839073, 0.17867948, 0.0, -0.102471635, -0.1777389, 0.97872794, 0.0, 0.030954594, 0.033211976, 0.025163488, 1.0, 0.9992794, -0.016611397, -0.034133703, 0.0, 0.01891201, 0.9974908, 0.068226025, 0.0, 0.032914866, -0.068822235, 0.99708587, 0.0, 0.036983572, 0.08349639, -0.39191252, 1.0, 0.9982888, 0.057222635, 0.012054093, 0.0, -0.05846327, 0.9813106, 0.18333566, 0.0, -0.0013377408, -0.18372652, 0.9829766, 0.0, 0.0, 0.0, 0.0, 1.0, 2.312796e-08, 0.2940815, 0.1680433, 0.0, 0.0, 0.0574954, 0.15528211, 2.036498e-09, 0.29551318, 0.0, 0.05518055, 0.0, 0.057458106, 0.15640971, -0.061099205, -0.12992732, 0.9187691
224313.751656625, -2.1219487, -10.224343, 0.3768189, -6.139204, -10.122455, 1.0830001, 2.1335669, -3.9372342, 0.7537433,  0.9993358, -0.0064722467, 0.03585914, 0.0, 0.0, 0.9840989, 0.17762084, 0.0, -0.036438547, -0.17750289, 0.98344535, 0.0, -0.03097014, 0.03323218, 0.02527921, 1.0, 0.9944427, -0.018606586, 0.1036225, 0.0, 0.0, 0.98425853, 0.1767347, 0.0, -0.10527976, -0.17575254, 0.97878873, 0.0, 0.030954594, 0.033211976, 0.025163488, 1.0, 0.999187, -0.013123878, -0.03812839, 0.0, 0.015701616, 0.99755377, 0.06812058, 0.0, 0.037141304, -0.06866363, 0.99694854, 0.0, 0.03700083, 0.083587304, -0.39185902, 1.0, 0.9982845, 0.05681202, 0.014170376, 0.0, -0.058439594, 0.981778, 0.18082368, 0.0, -0.0036389537, -0.18134132, 0.98341364, 0.0, 0.0, 0.0, 0.0, 1.0, 2.1284846e-08, 0.29084635, 0.17266527, 0.0, 0.0, 0.05765607, 0.123927936, 1.8742055e-09, 0.2923203, 0.0, 0.05966392, 0.0, 0.05761959, 0.12474833, -0.06349647, -0.12788028, 0.91732144
224313.768349625, -2.351434, -10.242968, 0.41836587, -6.3734064, -10.135201, 1.1260421, 2.3412857, -3.7516348, 0.48414284,  0.99918467, -0.0071854247, 0.03973031, 0.0, 0.0, 0.98403627, 0.17796786, 0.0, -0.040374845, -0.17782275, 0.9832339, 0.0, -0.03097014, 0.03323218, 0.02527921, 1.0, 0.9940115, -0.019345213, 0.10754944, 0.0, 0.0, 0.9842051, 0.17703168, 0.0, -0.10927542, -0.17597154, 0.9783113, 0.0, 0.030954594, 0.033211976, 0.025163488, 1.0, 0.9991072, -0.008431679, -0.04140262, 0.0, 0.011115474, 0.9978215, 0.065029554, 0.0, 0.040764235, -0.065431595, 0.99702424, 0.0, 0.037272416, 0.0828038, -0.3916251, 1.0, 0.99827313, 0.056181043, 0.01716386, 0.0, -0.05833016, 0.98262143, 0.17621848, 0.0, -0.0069653005, -0.17691523, 0.98420155, 0.0, 0.0, 0.0, 0.0, 1.0, 1.9588615e-08, 0.2913403, 0.17924424, 0.0, 0.0, 0.05748575, 0.11521617, 1.7248464e-09, 0.29289758, 0.0, 0.06611249, 0.0, 0.057450257, 0.11595057, -0.06695278, -0.12794839, 0.9157669
224313.785042541, -2.4586508, -10.204648, 0.43584493, -6.48486, -10.094507, 1.1413441, 2.5765522, -3.8036523, 0.28179413,  0.9991084, -0.007486525, 0.04155072, 0.0, 0.0, 0.9841528, 0.17732267, 0.0, -0.042219784, -0.17716457, 0.9832753, 0.0, -0.03097014, 0.03323218, 0.02527921, 1.0, 0.993799, -0.019610548, 0.10944939, 0.0, 0.0, 0.98432475, 0.17636599, 0.0, -0.11119235, -0.17527233, 0.9782209, 0.0, 0.030954594, 0.033211976, 0.025163488, 1.0, 0.99896246, -0.004907382, -0.04527934, 0.0, 0.007895121, 0.9977853, 0.06604878, 0.0, 0.044855136, -0.0663375, 0.99678856, 0.0, 0.03723102, 0.082626835, -0.39213112, 1.0, 0.9982692, 0.055808514, 0.018560711, 0.0, -0.058171626, 0.9834292, 0.17170797, 0.0, -0.008670142, -0.17249021, 0.98497325, 0.0, 0.0, 0.0, 0.0, 1.0, 1.802756e-08, 0.2902331, 0.18240152, 0.0, 0.0, 0.057165436, 0.103570625, 1.58739e-09, 0.2918243, 0.0, 0.06913526, 0.0, 0.057130747, 0.10399568, -0.068544224, -0.12711975, 0.9144497
224313.801735583, -2.6343215, -10.343158, 0.47329748, -6.664272, -10.22722, 1.1884512, 2.8461404, -3.9457583, 0.19750772,  0.9989773, -0.008126273, 0.044478267, 0.0, 0.0, 0.98371655, 0.17972708, 0.0, -0.045214515, -0.17954327, 0.9827105, 0.0, -0.03097014, 0.03323218, 0.02527921, 1.0, 0.99345696, -0.020411354, 0.112368725, 0.0, 0.0, 0.9838997, 0.17872167, 0.0, -0.1142075, -0.17755228, 0.977462, 0.0, 0.030954594, 0.033211976, 0.025163488, 1.0, 0.9987489, -0.003438982, -0.04989062, 0.0, 0.0068595284, 0.99762374, 0.06855574, 0.0, 0.04953639, -0.06881205, 0.99639904, 0.0, 0.036925394, 0.083286956, -0.39278802, 1.0, 0.99828595, 0.055307984, 0.0191458, 0.0, -0.05775427, 0.9839099, 0.16907412, 0.0, -0.009486508, -0.1698899, 0.98541754, 0.0, 0.0, 0.0, 0.0, 1.0, 1.6590908e-08, 0.29415166, 0.18736903, 0.0, 0.0, 0.0566416, 0.07878086, 1.4608877e-09, 0.29582462, 0.0, 0.0740424, 0.0, 0.05660702, 0.07902924, -0.07117395, -0.12922275, 0.9135492
224313.818428583, -2.7851326, -10.501142, 0.5079916, -6.820534, -10.379628, 1.2344981, 2.969796, -4.014197, 0.2968837,  0.99885803, -0.008717515, 0.04697472, 0.0, 0.0, 0.9832126, 0.18246347, 0.0, -0.047776762, -0.1822551, 0.9820899, 0.0, -0.03097014, 0.03323218, 0.02527921, 1.0, 0.9931535, -0.021191828, 0.11487808, 0.0, 0.0, 0.98340726, 0.18141143, 0.0, -0.11681639, -0.1801694, 0.9766744, 0.0, 0.030954594, 0.033211976, 0.025163488, 1.0, 0.9986248, -0.005168863, -0.052171007, 0.0, 0.008801271, 0.99753344, 0.0696404, 0.0, 0.051682416, -0.07000365, 0.99620724, 0.0, 0.037031863, 0.08315869, -0.39355004, 1.0, 0.9983474, 0.053976357, 0.019728482, 0.0, -0.056488603, 0.98481864, 0.16413872, 0.0, -0.010569284, -0.16498172, 0.98624015, 0.0, 0.0, 0.0, 0.0, 1.0, 1.5268746e-08, 0.29862803, 0.19166863, 0.0, 0.0, 0.055956386, 0.07128074, 1.3444668e-09, 0.30037948, 0.0, 0.07824141, 0.0, 0.05592273, 0.07145728, -0.073401466, -0.13158345, 0.9123814
224313.83512175, -2.8326914, -10.473629, 0.515341, -6.865807, -10.351329, 1.2394183, 2.9524164, -4.1315093, 0.39442554,  0.9988185, -0.008844419, 0.047784653, 0.0, 0.0, 0.98329896, 0.18199795, 0.0, -0.04859626, -0.18178293, 0.9821372, 0.0, -0.03097014, 0.03323218, 0.02527921, 1.0, 0.9930612, -0.021278197, 0.11565766, 0.0, 0.0, 0.9834943, 0.18093903, 0.0, -0.117598705, -0.17968355, 0.97667, 0.0, 0.030954594, 0.033211976, 0.025163488, 1.0, 0.9986233, -0.0068660798, -0.052000795, 0.0, 0.010585678, 0.9973776, 0.07159403, 0.0, 0.051372733, -0.07204597, 0.99607736, 0.0, 0.037051715, 0.08275071, -0.39414573, 1.0, 0.99845195, 0.052013457, 0.019705908, 0.0, -0.054502305, 0.9856111, 0.16000077, 0.0, -0.011100284, -0.16082713, 0.9869202, 0.0, 0.0, 0.0, 0.0, 1.0, 1.405195e-08, 0.29784173, 0.19295819, 0.0, 0.0, 0.055384886, 0.068521336, 1.2373235e-09, 0.29960445, 0.0, 0.079584494, 0.0, 0.055351794, 0.06866396, -0.07414554, -0.13121048, 0.9126806
224313.851814708, -2.672661, -10.432004, 0.48427448, -6.7057915, -10.314079, 1.2059658, 2.8239875, -4.256835, 0.41073853,  0.9989479, -0.008312374, 0.045099415, 0.0, 0.0, 0.98343533, 0.18125919, 0.0, -0.04585905, -0.1810685, 0.9824007, 0.0, -0.03097014, 0.03323218, 0.02527921, 1.0, 0.9933788, -0.020706428, 0.11300278, 0.0, 0.0, 0.9836231, 0.18023735, 0.0, -0.11488422, -0.17904398, 0.9771104, 0.0, 0.030954594, 0.033211976, 0.025163488, 1.0, 0.9987337, -0.007148903, -0.049798198, 0.0, 0.010816959, 0.99721587, 0.07378225, 0.0, 0.04913201, -0.07422745, 0.9960303, 0.0, 0.03700739, 0.08313763, -0.39422053, 1.0, 0.9985099, 0.05096659, 0.0195073, 0.0, -0.05341329, 0.9860095, 0.1578998, 0.0, -0.01118684, -0.15870643, 0.9872624, 0.0, 0.0, 0.0, 0.0, 1.0, 1.2932123e-08, 0.29667386, 0.1884842, 0.0, 0.0, 0.054894883, 0.067195624, 1.1387187e-09, 0.29837462, 0.0, 0.07509863, 0.0, 0.05486239, 0.06732019, -0.07172264, -0.13055632, 0.91299117
224313.868507708, -2.5785468, -10.434124, 0.46729264, -6.6136465, -10.318417, 1.1897444, 2.5852456, -4.158311, 0.44485453,  0.99902064, -0.00802084, 0.0435119, 0.0, 0.0, 0.98343104, 0.18128242, 0.0, -0.04424499, -0.18110488, 0.98246795, 0.0, -0.03097014, 0.03323218, 0.02527921, 1.0, 0.99355954, -0.020427668, 0.11145455, 0.0, 0.0, 0.98361546, 0.18027951, 0.0, -0.1133111, -0.17911844, 0.97728056, 0.0, 0.030954594, 0.033211976, 0.025163488, 1.0, 0.9989268, -0.00774366, -0.045666825, 0.0, 0.011026878, 0.9973376, 0.07208635, 0.0, 0.044987, -0.072512515, 0.99635255, 0.0, 0.03699782, 0.082619496, -0.39395455, 1.0, 0.9986095, 0.049080998, 0.01924023, 0.0, -0.05147484, 0.98658466, 0.15492268, 0.0, -0.011378412, -0.15569764, 0.98773926, 0.0, 0.0, 0.0, 0.0, 1.0, 1.1901537e-08, 0.296744, 0.18589202, 0.0, 0.0, 0.054470066, 0.066604935, 1.0479719e-09, 0.2984133, 0.0, 0.07245369, 0.0, 0.054438274, 0.06671734, -0.07027733, -0.13053231, 0.91280794
224313.88520075, -2.6143014, -10.475824, 0.47565317, -6.647199, -10.358902, 1.2004725, 2.4332006, -4.1842313, 0.3389628,  0.9989936, -0.0081632435, 0.044102926, 0.0, 0.0, 0.98329777, 0.18200378, 0.0, -0.044852052, -0.18182062, 0.9823082, 0.0, -0.03097014, 0.03323218, 0.02527921, 1.0, 0.99349576, -0.020609183, 0.11198813, 0.0, 0.0, 0.9834848, 0.18099079, 0.0, -0.11386869, -0.17981358, 0.977088, 0.0, 0.030954594, 0.033211976, 0.025163488, 1.0, 0.9990627, -0.005900214, -0.042885162, 0.0, 0.009008226, 0.9973172, 0.07264546, 0.0, 0.042341445, -0.072963715, 0.9964356, 0.0, 0.037185024, 0.08302146, -0.39361084, 1.0, 0.99862087, 0.048512816, 0.020074578, 0.0, -0.051044844, 0.9865903, 0.15502875, 0.0, -0.012284518, -0.15583965, 0.98770595, 0.0, 0.0, 0.0, 0.0, 1.0, 1.0953079e-08, 0.29792783, 0.18681076, 0.0, 0.0, 0.05421525, 0.06939595, 9.64457e-10, 0.29961416, 0.0, 0.07344844, 0.0, 0.054183565, 0.06948363, -0.07084072, -0.13130558, 0.91332
